P1;1;5;7;Unnamed: 4
P2;2;5;6;
P3;1;5;7;
P4;2;5;7;
P5;1;5;6;
P6;2;5;7;
P7;1;5;6;
P8;2;5;7;
P9;1;5;6;
P10;2;5;7;
P11;1;5;6;
P12;1;5;6;
P13;2;5;7;
P14;1;5;6;
P15;1;5;6;
