P1;1;5;7;Unnamed: 4
P2;2;5;6;
P3;1;5;7;
P4;1;5;7;
P5;2;5;6;
P6;1;5;7;
P7;2;5;6;
P8;1;5;7;
P9;2;5;6;
P10;2;5;7;
P11;2;5;6;
P12;1;5;7;
P13;2;5;6;
P14;1;5;7;
P15;1;5;7;
P16;2;5;7;
P17;1;5;6;
P18;2;5;6;
P19;1;5;7;
P20;2;5;6;
P21;2;5;6;
P22;1;5;7;
P23;1;5;7;
P24;1;5;7;
P25;2;5;6;
